userid=~
accesstoken=~
formid=9214079410
lastsubmittime=2015-04-08 16:02:11
endrecordtime=2015-04-08 16:01:59
startrecordtime=2015-04-08 16:00:22
version=2.5
uuid=3e663f4129590616-1428584422347
latitude=-35.000000
longitude=135.979996
prompt__1426421240266=~
Village=6
GPS=~
Photo=~
Date_reparation=04-09-2015
prompt__1426422785953=~
Surveyor=ANGELE
Type=1
Etat=2
Comite_deja=0
Comite_Y_N=0
Coti_Y_N=1
