meta=		
email=potato
password=kartoffel
formid=27209
lastsubmittime=2015-04-14 13:04:07
endrecordtime=2015-04-14 13:04:07
startrecordtime=2015-04-14 13:03:58
version=2.5
uuid=606044c5ae181046-1429005838074
geotag=			
longitude=36.8881873
latitude=-1.2142755
data=		
Radio=2
score_one=2
score_two=2
score_three=false
