userid=~
accesstoken=~
formid=27209
lastsubmittime=2015-04-13 13:04:07
endrecordtime=2015-04-13 13:04:07
startrecordtime=2015-04-13 13:03:58
version=2.5
uuid=606044c5ae181046-1429005838074
latitude=-1.214275
longitude=36.888187
prompt__1359549345113=~
score_one=2
score_two=2
score_three=false
prompt__1359549443639=~
Radio=2
